  -2.50000000       2.35318649E-03
  -2.45049500       2.74161296E-03
  -2.40099001       3.25201545E-03
  -2.35148525       3.94611480E-03
  -2.30198026       4.93267877E-03
  -2.25247526       6.42014295E-03
  -2.20297027       8.85664951E-03
  -2.15346527       1.33804223E-02
  -2.10396051       2.37723067E-02
  -2.05445552       6.12882897E-02
  -2.00495052      0.783672214    
  -1.95544553      0.744515896    
  -1.90594053      0.523329973    
  -1.85643566      0.427389503    
  -1.80693078      0.371250093    
  -1.75742579      0.333514422    
  -1.70792079      0.306027770    
  -1.65841579      0.284928918    
  -1.60891092      0.268124938    
  -1.55940592      0.254376531    
  -1.50990105      0.242898807    
  -1.46039605      0.233146831    
  -1.41089106      0.224751726    
  -1.36138618      0.217453554    
  -1.31188118      0.211046442    
  -1.26237619      0.205385908    
  -1.21287131      0.200348929    
  -1.16336632      0.195845723    
  -1.11386144      0.191804856    
  -1.06435645      0.188163698    
  -1.01485145      0.184877694    
 -0.965346575      0.181900233    
 -0.915841579      0.179203048    
 -0.866336584      0.176749662    
 -0.816831708      0.174519315    
 -0.767326713      0.172511905    
 -0.717821836      0.170664564    
 -0.668316841      0.169027939    
 -0.618811846      0.167525411    
 -0.569306970      0.166159645    
 -0.519801974      0.164977565    
 -0.470297098      0.163915068    
 -0.420792103      0.162960380    
 -0.371287107      0.162139028    
 -0.321782112      0.161420912    
 -0.272277117      0.160812795    
 -0.222772360      0.160321519    
 -0.173267365      0.159926862    
 -0.123762369      0.159622446    
  -7.42573738E-02  0.159410432    
  -2.47523785E-02  0.159317568    
   2.47523785E-02  0.159314334    
   7.42573738E-02  0.159403801    
  0.123762369      0.159615085    
  0.173267365      0.159926087    
  0.222772360      0.160330847    
  0.272277117      0.160813957    
  0.321782112      0.161435708    
  0.371287107      0.162141517    
  0.420792103      0.162957057    
  0.470297098      0.163875878    
  0.519802094      0.164948791    
  0.569306850      0.166154891    
  0.618811846      0.167517796    
  0.668316841      0.169027507    
  0.717821836      0.170675114    
  0.767326832      0.172522053    
  0.816831589      0.174527183    
  0.866336584      0.176757678    
  0.915841579      0.179207847    
  0.965346575      0.181903079    
   1.01485157      0.184879169    
   1.06435633      0.188163221    
   1.11386132      0.191805601    
   1.16336632      0.195839927    
   1.21287131      0.200348631    
   1.26237631      0.205380291    
   1.31188130      0.211038038    
   1.36138606      0.217449635    
   1.41089106      0.224745095    
   1.46039605      0.233136371    
   1.50990105      0.242888495    
   1.55940580      0.254374027    
   1.60891104      0.268113822    
   1.65841579      0.284913749    
   1.70792103      0.306014329    
   1.75742579      0.333498210    
   1.80693054      0.371218503    
   1.85643578      0.427337497    
   1.90594053      0.523226917    
   1.95544577      0.744269311    
   2.00495052      0.786081731    
   2.05445528       6.13480844E-02
   2.10396051       2.37846337E-02
   2.15346527       1.33851627E-02
   2.20297050       8.85900855E-03
   2.25247526       6.42153388E-03
   2.30198002       4.93357889E-03
   2.35148525       3.94673599E-03
   2.40099001       3.25246435E-03
   2.45049524       2.74195033E-03
   2.50000000       2.35344749E-03
